    0.000000    40.406102
    1.000000    41.112182
    2.000000    41.805089
    3.000000    42.483961
    4.000000    43.147942
    5.000000    43.796185
    6.000000    44.427849
    7.000000    45.042102
    8.000000    45.638125
    9.000000    46.215105
   10.000000    46.772245
   11.000000    47.308760
   12.000000    47.823879
   13.000000    48.316846
   14.000000    48.786920
   15.000000    49.233379
   16.000000    49.655517
   17.000000    50.052647
   18.000000    50.424104
   19.000000    50.769240
   20.000000    51.087430
   21.000000    51.378072
   22.000000    51.640587
   23.000000    51.874417
   24.000000    52.079032
   25.000000    52.253925
   26.000000    52.398616
   27.000000    52.512651
   28.000000    52.595604
   29.000000    52.647077
   30.000000    52.666698
   31.000000    52.654128
   32.000000    52.609053
   33.000000    52.531193
   34.000000    52.420296
   35.000000    52.276141
   36.000000    52.098540
   37.000000    51.887333
   38.000000    51.642396
   39.000000    51.363635
   40.000000    51.050987
   41.000000    50.704425
   42.000000    50.323951
   43.000000    49.909602
   44.000000    49.461448
   45.000000    48.979592
   46.000000    48.464168
   47.000000    47.915345
   48.000000    47.333325
   49.000000    46.718340
   50.000000    46.070659
   51.000000    45.390580
   52.000000    44.678434
   53.000000    43.934585
   54.000000    43.159427
   55.000000    42.353388
   56.000000    41.516925
   57.000000    40.650525
   58.000000    39.754707
   59.000000    38.830020
   60.000000    37.877039
   61.000000    36.896371
   62.000000    35.888650
   63.000000    34.854537
   64.000000    33.794721
   65.000000    32.709917
   66.000000    31.600863
   67.000000    30.468326
   68.000000    29.313094
   69.000000    28.135979
   70.000000    26.937815
   71.000000    25.719460
   72.000000    24.481790
   73.000000    23.225701
   74.000000    21.952110
   75.000000    20.661950
   76.000000    19.356173
   77.000000    18.035745
   78.000000    16.701649
   79.000000    15.354880
   80.000000    13.996449
   81.000000    12.627376
   82.000000    11.248695
   83.000000     9.861447
   84.000000     8.466683
   85.000000     7.065464
   86.000000     5.658855
   87.000000     4.247926
   88.000000     2.833754
   89.000000     1.417418
